%YAML:1.0
calibration_time: "Thu Jan 23 15:43:50 2014"
image_width: 640
image_height: 480
board_width: 9
board_height: 6
square_size: 2.45
flags: 0
camera_matrix: !!opencv-matrix
   rows: 3
   cols: 3
   dt: d
   data: [ 538.399364, 0., 316.192117, 0.,
        538.719401, 240.080174, 0., 0., 1. ]
distortion_coefficients: !!opencv-matrix
   rows: 5
   cols: 1
   dt: d
   data: [ 0.047223, -0.124558, 0.002427, -0.001539, 0.000000 ]
avg_reprojection_error: 0