%YAML:1.0
calibration_time: "Thu Jan 23 15:43:50 2014"
image_width: 640
image_height: 480
board_width: 9
board_height: 6
square_size: 2.45
flags: 0
camera_matrix: !!opencv-matrix
   rows: 3
   cols: 3
   dt: d
   data: [ 600.373913385523, 0., 332.510476777844, 
           0., 600.926280949838, 230.921994141359, 
           0., 0., 1. ]
distortion_coefficients: !!opencv-matrix
   rows: 5
   cols: 1
   dt: d
   data: [ 0.0189223469433419, -0.0206788674793396, 0.00322551352375046, 0.00151000066896141, 0.000000 ]
avg_reprojection_error: 0